function K = KnapsackWeightMulti(x)
%KnapsackWeight Calculate weight of knapsack
%
%   K = KnapsackWeight(x) calculates the weight of a knapsack 
%Supply, Need, LCOE, GHG, DALY
% Problem parameters
%[s,~,p,g,h] = Load_data();
s = [20 20 900 40 150 150 20 250 250 30 1 1 250 300 200 1 50 40 250 250];
g = [48000 27000 12000 11000 490000 170000 490000 220000 220000 230000 41000 41000 12000 12000 12000 24000 38000 38000 820000 820000];
p = [37 123 63 63 39 65 126 138 157 109 109 80 121 129 207 53 82 110 99 111];
h = [0 0 0 0 0.0414 0.0414 0.0439 0.2732 0.2732 0.0136 0 0 0 0 0 0 0.0175 0 0.2732 0.2732];
% Weight of knapsack
% x is the vector with the number of copies of the given power generation
% tech. 
% p is the cost per MW (LCOE)
% s is the capacity per plant
K(1) =(x(1)*p(1)*s(1) + x(2)*p(2)*s(2) + x(3)*p(3)*s(3) + x(4)*p(4)*s(4)...
    + x(5)*p(5)*s(5) + x(6)*p(6)*s(6)+ x(7)*p(7)*s(7) + x(8)*p(8)*s(8)...
    + x(9)*p(9)*s(9) + x(10)*p(10)*s(10)+ x(11)*p(11)*s(11) + x(12)*p(12)*s(12)...
    + x(13)*p(13)*s(13) + x(14)*p(14)*s(14)+ x(15)*p(15)*s(15) + x(16)*p(16)*s(16)...
    + x(17)*p(17)*s(17) + x(18)*p(18)*s(18)+ x(19)*p(19)*s(19) + x(20)*p(20)*s(20));
K(2) =(x(1)*h(1)*s(1) + x(2)*h(2)*s(2) + x(3)*h(3)*s(3) + x(4)*h(4)*s(4)...
    + x(5)*h(5)*s(5) + x(6)*h(6)*s(6)+ x(7)*h(7)*s(7) + x(8)*h(8)*s(8)...
    + x(9)*h(9)*s(9) + x(10)*h(10)*s(10)+ x(11)*h(11)*s(11) + x(12)*h(12)*s(12)...
    + x(13)*h(13)*s(13) + x(14)*h(14)*s(14)+ x(15)*h(15)*s(15) + x(16)*h(16)*s(16)...
    + x(17)*h(17)*s(17) + x(18)*h(18)*s(18)+ x(19)*h(19)*s(19) + x(20)*h(20)*s(20));
K(3) =(x(1)*g(1)*s(1) + x(2)*g(2)*s(2) + x(3)*g(3)*s(3) + x(4)*g(4)*s(4)...
    + x(5)*g(5)*s(5) + x(6)*g(6)*s(6)+ x(7)*g(7)*s(7) + x(8)*g(8)*s(8)...
    + x(9)*g(9)*s(9) + x(10)*g(10)*s(10)+ x(11)*g(11)*s(11) + x(12)*g(12)*s(12)...
    + x(13)*g(13)*s(13) + x(14)*g(14)*s(14)+ x(15)*g(15)*s(15) + x(16)*g(16)*s(16)...
    + x(17)*g(17)*s(17) + x(18)*g(18)*s(18)+ x(19)*g(19)*s(19) + x(20)*g(20)*s(20));